12978.90625
12968.38378906
12957.72265625
12945.64453125
12933.265625
12920.25292969
12906.52148438
12891.58007812
12875.92480469
12858.69921875
12840.72851562
12819.74121094
12795.87890625
12769.93652344
12734.32910156
12686.85351562
12617.62402344
12485.12597656
11506.31542969
13075.44335938
13073.74511719
13072.05175781
13070.31347656
13068.52929688
13066.70019531
13064.89648438
13063.04980469
13061.13964844
13059.21191406
13057.2734375
13055.24609375
13053.26953125
13051.21777344
13049.15332031
13047.04101562
13044.91210938
13042.73925781
13040.515625
13038.29980469
13036.02832031
13033.74511719
13031.42089844
13029.07226562
13026.67578125
13024.25
13021.77636719
13019.31054688
13016.75878906
13014.18359375
13011.57324219
13008.95800781
13006.30664062
13003.61425781
13000.8828125
12998.10351562
12995.31347656
12992.45898438
12989.58203125
12986.65722656
12983.70507812
12980.703125
12977.66699219
12974.56835938
12971.44433594
12968.2734375
12965.04980469
12961.78125
12958.48144531
12955.10253906
12951.66503906
12948.19042969
12944.64941406
12941.05664062
12937.3828125
12933.64648438
12929.83789062
12925.96289062
12922.02148438
12917.96386719
12913.83496094
12909.58886719
12905.28222656
12900.87792969
12896.36425781
12891.6796875
12886.88964844
12881.97851562
12876.90136719
12871.66308594
12866.25488281
12860.6328125
12854.82714844
12848.79199219
12842.48242188
12835.890625
12828.99023438
12821.76464844
12814.1171875
12806.06445312
12797.46191406
12788.31054688
12778.453125
12767.84082031
12756.29199219
12743.62207031
12729.56542969
12713.84082031
12695.93457031
12675.22851562
12650.66601562
12620.64746094
12582.30273438
12530.08496094
12451.140625
12302.49511719
11627.43945312
11751.04980469
13183.50292969
13179.01953125
13172.75585938
13165.6171875
13152.26074219
13140.5078125
13125.99902344
13103.44921875
13074.39941406
13032.49609375
12957.24511719
12767.375
11361.26953125
12683.79101562
12679.37109375
12679.00585938
12675.08398438
12669.92773438
12664.80957031
12658.64257812
12656.234375
12649.93554688
12643.34667969
12636.43457031
12629.37890625
12620.65332031
12612.50878906
12598.06445312
12590.22265625
12585.48730469
12569.58398438
12558.71191406
12540.80078125
12526.484375
12502.24121094
12486.73242188
12464.70898438
12435.73046875
12394.57910156
12338.13476562
12257.00097656
12113.95214844
11725.94921875
12697.17089844
11423.22363281
13137.95800781
13123.74707031
13108.18359375
13085.98535156
13055.21191406
13018.06933594
12964.6015625
12873.68847656
12685.04492188
12017.93359375
12505.44824219
12346.29199219
12296.87207031
12220.74609375
12100.25097656
11843.46386719
8121.89355469
12475.60742188
12458.60351562
12433.33203125
12404.25878906
12377.046875
12339.98535156
12288.25292969
12215.68554688
12105.38964844
11890.68359375
10836.02734375
12695.54980469
12689.10546875
12689.99609375
12693.42285156
12688.1328125
12685.08691406
12681.11132812
12682.87402344
12680.40429688
12676.44824219
12661.21679688
12669.95410156
12664.95703125
12669.44824219
12664.76367188
12663.60546875
12659.26367188
12659.77832031
12646.81054688
12654.38769531
12460.18945312
